0 0 56.0
0 1 -712.0
0 2 96.0
0 3 548.0
0 4 -492.0
0 5 -412.0
0 6 -64.0
0 7 -1112.0
0 8 -688.0
0 9 -264.0
0 10 -28.0
0 11 -88.0
0 12 -168.0
0 13 -32.0
0 14 -636.0
0 15 68.0

1 0 416.0
1 1 4.0
1 2 -408.0
1 3 -416.0
1 4 -784.0
1 5 -172.0
1 6 -116.0
1 7 -312.0
1 8 -312.0
1 9 212.0
1 10 388.0
1 11 -144.0
1 12 -496.0
1 13 -628.0
1 14 -168.0
1 15 -168.0

2 0 204.0
2 1 -728.0
2 2 36.0
2 3 1348.0
2 4 460.0
2 5 1032.0
2 6 -532.0
2 7 -44.0
2 8 -500.0
2 9 -584.0
2 10 -768.0
2 11 -816.0
2 12 -592.0
2 13 -168.0
2 14 -448.0
2 15 -756.0

3 0 -188.0
3 1 408.0
3 2 904.0
3 3 100.0
3 4 312.0
3 5 4.0
3 6 -304.0
3 7 32.0
3 8 628.0
3 9 -132.0
3 10 -228.0
3 11 224.0
3 12 -300.0
3 13 -580.0
3 14 -648.0
3 15 -772.0

4 0 48.0
4 1 512.0
4 2 720.0
4 3 944.0
4 4 -388.0
4 5 972.0
4 6 -64.0
4 7 -1128.0
4 8 -508.0
4 9 -472.0
4 10 -216.0
4 11 -504.0
4 12 -100.0
4 13 -768.0
4 14 -536.0
4 15 -984.0

5 0 240.0
5 1 -400.0
5 2 -312.0
5 3 292.0
5 4 -172.0
5 5 180.0
5 6 488.0
5 7 -548.0
5 8 -1088.0
5 9 -472.0
5 10 312.0
5 11 -124.0
5 12 -396.0
5 13 -420.0
5 14 -668.0
5 15 -564.0

6 0 -232.0
6 1 176.0
6 2 -1332.0
6 3 420.0
6 4 884.0
6 5 520.0
6 6 1192.0
6 7 820.0
6 8 -188.0
6 9 -524.0
6 10 -436.0
6 11 136.0
6 12 -592.0
6 13 -604.0
6 14 -364.0
6 15 -1060.0

7 0 -760.0
7 1 -16.0
7 2 420.0
7 3 560.0
7 4 1112.0
7 5 548.0
7 6 344.0
7 7 740.0
7 8 184.0
7 9 1796.0
7 10 -544.0
7 11 716.0
7 12 -252.0
7 13 -104.0
7 14 -228.0
7 15 -464.0

8 0 124.0
8 1 84.0
8 2 140.0
8 3 2272.0
8 4 2144.0
8 5 976.0
8 6 1464.0
8 7 1572.0
8 8 172.0
8 9 1844.0
8 10 460.0
8 11 908.0
8 12 -552.0
8 13 212.0
8 14 -316.0
8 15 -16.0

9 0 -180.0
9 1 672.0
9 2 16.0
9 3 708.0
9 4 1144.0
9 5 1764.0
9 6 1524.0
9 7 2984.0
9 8 2636.0
9 9 1888.0
9 10 1164.0
9 11 792.0
9 12 -336.0
9 13 -536.0
9 14 -416.0
9 15 -772.0

10 0 492.0
10 1 308.0
10 2 460.0
10 3 892.0
10 4 480.0
10 5 192.0
10 6 1668.0
10 7 1416.0
10 8 2952.0
10 9 2316.0
10 10 1604.0
10 11 872.0
10 12 160.0
10 13 -100.0
10 14 -364.0
10 15 -320.0

11 0 -44.0
11 1 1164.0
11 2 204.0
11 3 912.0
11 4 1856.0
11 5 1520.0
11 6 1136.0
11 7 2516.0
11 8 -5500.0
11 9 1232.0
11 10 604.0
11 11 -84.0
11 12 -244.0
11 13 -960.0
11 14 -708.0
11 15 -220.0

12 0 -372.0
12 1 836.0
12 2 340.0
12 3 444.0
12 4 1392.0
12 5 1280.0
12 6 892.0
12 7 1644.0
12 8 564.0
12 9 320.0
12 10 -144.0
12 11 24.0
12 12 -316.0
12 13 52.0
12 14 -536.0
12 15 -932.0

13 0 420.0
13 1 1108.0
13 2 224.0
13 3 4.0
13 4 732.0
13 5 956.0
13 6 -96.0
13 7 856.0
13 8 636.0
13 9 696.0
13 10 80.0
13 11 288.0
13 12 368.0
13 13 -140.0
13 14 -604.0
13 15 -400.0

14 0 -120.0
14 1 -208.0
14 2 -344.0
14 3 20.0
14 4 248.0
14 5 84.0
14 6 -36.0
14 7 80.0
14 8 196.0
14 9 -52.0
14 10 656.0
14 11 376.0
14 12 -400.0
14 13 -176.0
14 14 -84.0
14 15 -10240.0

15 0 -412.0
15 1 252.0
15 2 304.0
15 3 -72.0
15 4 -320.0
15 5 176.0
15 6 -36.0
15 7 -256.0
15 8 -164.0
15 9 -388.0
15 10 124.0
15 11 208.0
15 12 24.0
15 13 -840.0
15 14 -148.0
15 15 -600.0

