-0.628868667166115 -86.48108345675118 -0.046636857189822974 1.999299497133985E-4 -0.046636857189822974
-0.37529125169295946 -85.74808831954259 -0.04681492859158394 1.966146060742804E-4 -0.04681492859158394
-0.22960047833537955 -85.30513862677341 -0.04740808935055581 1.9368939118841378E-4 -0.04740808935055581
-0.14272245088745994 -85.03198923237967 -0.04817629872675024 1.9115527840323933E-4 -0.04817629872675024
-0.08972754432953832 -84.86125284322301 -0.0489877639000394 1.8898761428808223E-4 -0.0489877639000394
-0.05692378171670947 -84.75344559878572 -0.04977204876603369 1.8715031942482795E-4 -0.04977204876603369
-0.03641211147362324 -84.68478601956153 -0.05049415750234284 1.8560370003268444E-4 -0.05049415750234284
-0.02348860646766576 -84.64069538514674 -0.05113953544671517 1.843086655586556E-4 -0.05113953544671517
-0.015293694965740068 -84.61213187652034 -0.05170518550850643 1.8322887623395764E-4 -0.05170518550850643
-0.010065351262723593 -84.59344239431842 -0.05219436503585521 1.8233169486588614E-4 -0.05219436503585521
-0.00670799721041665 -84.581071317286 -0.052613432234320544 1.8158845826572989E-4 -0.052613432234320544
-0.004536162780035435 -84.57277121117204 -0.05296999886937323 1.8097437557814273E-4 -0.05296999886937323
-0.0031189881115209414 -84.56711497851913 -0.05327187907577451 1.8046823650773956E-4 -0.05327187907577451
-0.0021846355740169354 -84.56319207967034 -0.053526521129409886 1.8005203711050284E-4 -0.053526521129409886
-0.001561009670207128 -84.56041840498018 -0.05374072878254153 1.7971058492267114E-4 -0.05374072878254153
-0.0011387762972921225 -84.55841683668203 -0.053920552697103274 1.7943111731458093E-4 -0.053920552697103274
-8.481995522020835E-4 -84.55694199762682 -0.054071278526161955 1.7920295018235426E-4 -0.054071278526161955
-6.445910017500583E-4 -84.55583271639136 -0.054197466908469966 1.7901716418132946E-4 -0.054197466908469966
-4.99148448641705E-4 -84.55498192239821 -0.05430301853668562 1.7886633002368554E-4 -0.05430301853668562
-3.9317664451144624E-4 -84.55431752527635 -0.05439124856272862 1.7874427126287565E-4 -0.05439124856272862
-3.14434500767756E-4 -84.55379022968819 -0.05446496143973458 1.7864586144278961E-4 -0.05446496143973458
-2.548215625250566E-4 -84.55336573785574 -0.05452652146127912 1.7856685186222514E-4 -0.05452652146127912
-2.0890916583490154E-4 -84.55301973411642 -0.05457791674992368 1.7850372610171735E-4 -0.05457791674992368
-1.7300511460370538E-4 -84.552734638123 -0.054620815902589506 1.7845357763981038E-4 -0.054620815902589506
-1.4455587944108006E-4 -84.5524974861451 -0.05465661731867353 1.7841400720494116E-4 -0.05465661731867353
-1.2176272965475077E-4 -84.55229853489833 -0.05468649166827036 1.78383036882347E-4 -0.05468649166827036
-1.0333378126290566E-4 -84.55213033056309 -0.054711418158317836 1.7835903837453598E-4 -0.054711418158317836
-8.83226507310958E-5 -84.55198707928417 -0.054732215320581715 1.7834067317302614E-4 -0.054732215320581715
-7.602250206847211E-5 -84.55186421466193 -0.054749567036412705 1.7832684272578282E-4 -0.054749567036412705
-6.589569313977806E-5 -84.5517580952577 -0.05476404446508469 1.7831664697445516E-4 -0.05476404446508469
-5.752643947060099E-5 -84.55166578895412 -0.05477612447663056 1.7830934988795553E-4 -0.05477612447663056
-5.0588473627634356E-5 -84.55158491616818 -0.054786205118808426 1.7830435083629695E-4 -0.054786205118808426
-4.4822566215567405E-5 -84.551513533597 -0.054794618578026255 1.7830116083419515E-4 -0.054794618578026255
-4.002060600075824E-5 -84.55145004638523 -0.05480164202926743 1.7829938284142052E-4 -0.05480164202926743
-3.6014102278214555E-5 -84.55139314060935 -0.05480750671185972 1.7829869543990086E-4 -0.05480750671185972
-3.266571547348718E-5 -84.55134173057526 -0.054812405516737654 1.7829883931954555E-4 -0.054812405516737654
-2.9862897677285227E-5 -84.55129491712877 -0.05481649932646946 1.7829960609877965E-4 -0.05481649932646946
-2.7513031565583324E-5 -84.55125195430789 -0.054819922311231555 1.7830082908455884E-4 -0.054819922311231555
-2.5539654610266804E-5 -84.55121222242293 -0.05482278635145947 1.7830237564255935E-4 -0.05482278635145947
-2.387948472453577E-5 -84.55117520616355 -0.05482518473039658 1.783041409033357E-4 -0.05482518473039658
-2.2480049348690134E-5 -84.55114047668955 -0.054827195216538116 1.7830604257623226E-4 -0.054827195216538116
-2.1297776923966116E-5 -84.55110767691329 -0.05482888263641389 1.7830801668122952E-4 -0.05482888263641389
-2.0296448047463223E-5 -84.55107650936051 -0.05483030102172755 1.783100140408981E-4 -0.05483030102172755
-1.9445930923719934E-5 -84.55104672613213 -0.05483149540108998 1.7831199740131235E-4 -0.05483149540108998
-1.8721143361773163E-5 -84.55101812058423 -0.05483250329504231 1.783139390729883E-4 -0.05483250329504231
-1.8101197565310867E-5 -84.5509905204219 -0.05483335596340361 1.7831581900140745E-4 -0.05483335596340361
-1.7568693493938414E-5 -84.55096378196002 -0.05483407944589444 1.783176231920898E-4 -0.05483407944589444
-1.7109133302578572E-5 -84.5509377853483 -0.05483469543023305 1.7831934242797828E-4 -0.05483469543023305
-1.6710435727408657E-5 -84.5509124305976 -0.05483522197625624 1.783209712275604E-4 -0.05483522197625624
-1.6362532391921147E-5 -84.55088763427 -0.05483567411989769 1.7832250700100145E-4 -0.05483567411989769
-1.60570321848727E-5 -84.55086332672148 -0.05483606437692006 1.7832394936892525E-4 -0.05483606437692006
-1.5786941725957904E-5 -84.55083944980395 -0.054836403163006274 1.783252996145923E-4 -0.054836403163006274
-1.5546432781551878E-5 -84.55081595495038 -0.05483669914406894 1.7832656024530037E-4 -0.05483669914406894
-1.5330648317699036E-5 -84.55079280157831 -0.05483695952834335 1.7832773464304512E-4 -0.05483695952834335
-1.5135540949826054E-5 -84.55076995575918 -0.054837190309917225 1.7832882678797275E-4 -0.054837190309917225
-1.4957738216261895E-5 -84.55074738910884 -0.054837396471750344 1.7832984104105374E-4 -0.054837396471750344
-1.4794430287123905E-5 -84.55072507786281 -0.05483758215490493 1.7833078197480677E-4 -0.05483758215490493
-1.464327639079388E-5 -84.55070300210552 -0.05483775079959469 1.7833165424288938E-4 -0.05483775079959469
-1.4502326659220077E-5 -84.55068114512751 -0.054837905262730205 1.7833246248101812E-4 -0.054837905262730205
-1.4369957020025914E-5 -84.55065949288972 -0.05483804791586539 1.7833321123303803E-4 -0.05483804791586539
-1.4244815041086767E-5 -84.55063803357753 -0.05483818072680028 1.7833390489708828E-4 -0.05483818072680028
-1.4125774486339893E-5 -84.55061675722823 -0.0548383053275567 1.783345476877342E-4 -0.0548383053275567
-1.4011897722925049E-5 -84.55059565542146 -0.05483842307099456 1.7833514361070404E-4 -0.05483842307099456
-1.3902404185049677E-5 -84.5505747210208 -0.05483853507795633 1.7833569644749826E-4 -0.05483853507795633
-1.3796644081881526E-5 -84.55055394795833 -0.0548386422765189 1.7833620974765424E-4 -0.0548386422765189
-1.3694076681038114E-5 -84.55053333105609 -0.0548387454346658 1.7833668682687879E-4 -0.0548387454346658
-1.359425190744501E-5 -84.55051286587614 -0.05483884518747733 1.7833713076960894E-4 -0.05483884518747733
-18.12718829643261 -74.63598765665844 -0.05386111473713184 1.7829771485845217E-4 -0.05386111473713184
-361.0730548352925 -14.356101798745334 -0.0782685187215762 1.793510096645029E-4 -0.0782685187215762
6.4936800245302875 51.97528398905655 -0.5186153539601497 2.1341049271308296E-4 -0.5186153539601497
5.4959750449383185 42.998364983183976 -1.0342430510606846 3.1365542336983456E-4 -1.0342430510606846
4.5738467010361 35.463226967471044 -1.539052777407273 4.7692043406168474E-4 -1.539052777407273
3.734511723727881 29.24854575018919 -2.0119606983156078 6.936740289062047E-4 -2.0119606983156078
2.9771122129277683 24.230777576481827 -2.439354668219218 9.529878929237267E-4 -2.439354668219218
2.3048055351712633 20.285514435358948 -2.8126255920499283 0.0012434362283524475 -2.8126255920499283
1.727024892149387 17.27844686528262 -3.129071548492979 0.0015539358146101792 -3.129071548492979
1.251736521176845 15.060906272511307 -3.3912757718608972 0.0018745272206178863 -3.3912757718608972
0.8772514096287374 13.479037271967155 -3.6052642722075463 0.002196889604361933 -3.6052642722075463
0.5923269209765922 12.389244071049744 -3.7784534806923227 0.0025145141506135787 -3.7784534806923227
0.3812729688810501 11.66884384084003 -3.918170403376263 0.0028226040941349913 -3.918170403376263
0.22836481962647603 11.21911822184419 -4.030907394152747 0.003117828924640744 -4.030907394152747
0.11995426150590216 10.963503999411174 -4.122092985028388 0.00339803802717234 -4.122092985028388
0.04499570495821992 10.843944548734079 -4.1961254659315825 0.0036619919794371445 -4.1961254659315825
-0.005136092652326063 10.817074722843577 -4.2565076313374135 0.0039091341833355775 -4.2565076313374135
-0.03704576303413987 10.850883292216846 -4.306003200591231 0.004139406648256252 -4.306003200591231
-0.05573004965953032 10.921999123323088 -4.346782279504118 0.004353105844357626 -4.346782279504118
-0.06493656424575533 11.013559327491745 -4.380545370142972 0.004550772134803444 -4.380545370142972
-0.06745571817767093 11.11356492068263 -4.408624740054245 0.0047331062299516575 -4.408624740054245
-0.06535112015512112 11.213626649748612 -4.432065412332262 0.004900906887289061 -4.432065412332262
-0.060138381179423384 11.308016033417422 -4.451689005148986 0.005055025067795097 -4.451689005148986
-0.05292235957056857 11.392951940073452 -4.468143627896462 0.005196330702204352 -4.468143627896462
-0.04450163493402126 11.4660672039984 -4.481942666547929 0.005325689035845812 -4.481942666547929
-0.03544750184823009 11.526011831890694 -4.4934948270960025 0.005443944192856464 -4.4934948270960025
-0.026163362782376964 11.572159198748684 -4.503127358859369 0.005551908140077596 -4.503127358859369
-0.016929173429399036 11.604389497312392 -4.511103987545902 0.00565035365676453 -4.511103987545902
-0.007934570043611977 11.622930884622107 -4.5176387606918835 0.005740010248479991 -4.5176387606918835
6.96523355762757E-4 11.628243560850814 -4.522906742617144 0.005821562200619088 -4.522906742617144
0.008887671955457144 11.620935691325979 -4.52705228472808 0.005895648164701227 -4.52705228472808
0.01659647328300551 11.601702877903676 -4.530195430990178 0.005962861821853566 -4.530195430990178
0.02380464832062046 11.571284996784527 -4.532436889152209 0.006023753283249696 -4.532436889152209
