2.0 2415.0
3.0 1998.0
4.0 266.0
5.0 96.0
6.0 209.0
7.0 46.0
8.0 25.0
9.0 33.0
10.0 29.0
11.0 29.0
12.0 18.0
13.0 14.0
14.0 9.0
15.0 12.0
16.0 9.0
17.0 9.0
18.0 12.0
19.0 9.0
20.0 8.0
21.0 10.0
22.0 10.0
23.0 5.0
24.0 4.0
25.0 5.0
26.0 9.0
27.0 7.0
28.0 3.0
29.0 1.0
30.0 8.0
31.0 6.0
32.0 3.0
33.0 4.0
34.0 5.0
35.0 2.0
36.0 9.0
37.0 4.0
38.0 2.0
39.0 3.0
40.0 1.0
41.0 3.0
42.0 2.0
43.0 1.0
44.0 4.0
45.0 3.0
46.0 5.0
48.0 4.0
49.0 2.0
50.0 5.0
51.0 1.0
52.0 2.0
53.0 1.0
54.0 4.0
55.0 1.0
56.0 3.0
57.0 2.0
58.0 4.0
60.0 2.0
61.0 2.0
62.0 4.0
63.0 1.0
64.0 1.0
65.0 5.0
67.0 3.0
68.0 1.0
70.0 1.0
71.0 2.0
72.0 4.0
73.0 2.0
75.0 3.0
76.0 1.0
77.0 2.0
79.0 3.0
81.0 1.0
82.0 1.0
83.0 2.0
86.0 2.0
87.0 3.0
90.0 1.0
93.0 2.0
97.0 1.0
98.0 1.0
102.0 1.0
108.0 1.0
111.0 1.0
115.0 2.0
116.0 1.0
117.0 2.0
119.0 1.0
120.0 1.0
123.0 1.0
125.0 2.0
126.0 2.0
133.0 1.0
146.0 1.0
147.0 3.0
148.0 1.0
150.0 1.0
154.0 1.0
156.0 1.0
159.0 1.0
163.0 1.0
184.0 1.0
190.0 1.0
204.0 1.0
220.0 1.0
235.0 1.0
237.0 1.0
241.0 1.0
245.0 1.0
267.0 1.0
286.0 1.0
289.0 2.0
308.0 1.0
321.0 1.0
342.0 1.0
345.0 1.0
347.0 1.0
371.0 1.0
408.0 1.0
444.0 1.0
460.0 1.0
463.0 1.0
484.0 1.0
518.0 2.0
554.0 1.0
667.0 1.0
678.0 1.0
682.0 1.0
689.0 1.0
754.0 1.0
904.0 1.0
986.0 1.0
987.0 1.0
1005.0 1.0
1116.0 1.0
1163.0 1.0
1201.0 1.0
1306.0 1.0
1396.0 1.0
1461.0 1.0
1614.0 1.0
1645.0 1.0
1707.0 1.0
3348.0 1.0
