
#Surface 0 of 1 surfaces

# Contour 0, label:   1e+003
3 15 1000


# Contour 1, label:      800
2.5863 6 800
2 5.62737 800
1.26817 6 800
2 6.10013 800
2.5863 6 800

3.21718 5 800
3 4.19865 800
2.45364 5 800
3 5.74185 800
3.21718 5 800

6.18004 7 800
6 6.69326 800
5.80566 7 800
6 7.16939 800
6.18004 7 800

0 6.94642 800
0.0394041 7 800
0 7.05436 800

3.23041 15 800
3 14.7939 800
2.51795 15 800


# Contour 2, label:      600
3.40517 4 600
3 3.47453 600
2 3.87156 600
1 3.64561 600
0.268892 4 600
1 4.22734 600
1.73327 5 600
1 5.45153 600
0.506273 6 600
1 6.34853 600
2 6.3251 600
3 6.25403 600
3.20581 6 600
3.45782 5 600
3.40517 4 600

3.03589 2 600
3 1.95488 600
2.30077 1 600
2 0.690081 600
1 0.825503 600
0.201474 1 600
1 1.98939 600
1.00845 2 600
2 2.25826 600
3 2.13299 600
3.03589 2 600

6.02597 9 600
6 8.97378 600
5.97475 9 600
6 9.02507 600
6.02597 9 600

6.41266 7 600
6 6.29693 600
5.55456 7 600
6 7.38827 600
6.41266 7 600

9.14977 6 600
9 5.88746 600
8.66151 6 600
9 6.10785 600
9.14977 6 600

13.1722 1 600
13 0.8949 600
12.9059 1 600
13 1.63092 600
13.1722 1 600

0 6.43709 600
0.413999 7 600
0 7.57115 600

0 1.26778 600
0.984689 2 600
0 2.45972 600

3.46083 15 600
3 14.5878 600
2.0359 15 600

4.67782 0 600
4 0.139505 600
3 0.295905 600
2.69503 0 600

15 2.4483 600
14.7607 3 600
15 3.32196 600


# Contour 3, label:      400
2.81212 3 400
2 2.58183 400
1.32797 3 400
2 3.49136 400
2.81212 3 400

6.37101 9 400
6 8.62537 400
5.63918 9 400
6 9.35826 400
6.37101 9 400

6.26424 6 400
6 5.84481 400
5.85606 6 400
5.30346 7 400
6 7.60714 400
6.64529 7 400
6.26424 6 400

9.58441 6 400
9 5.56088 400
8 5.82136 400
7.68139 6 400
8 6.16976 400
9 6.42085 400
9.58441 6 400

11.5377 4 400
11 3.88897 400
10.5456 4 400
11 4.09711 400
11.5377 4 400

12.1388 12 400
12 11.8304 400
11.0508 12 400
12 12.4851 400
12.1388 12 400

13.726 1 400
13 0.556751 400
12.6033 1 400
12.7028 2 400
13 2.38181 400
13.309 2 400
13.726 1 400

14.4472 13 400
14 12.9236 400
13.938 13 400
14 13.022 400
14.4472 13 400

0 0.670498 400
1 0.550336 400
2 0.373456 400
2.60806 1 400
3 1.53525 400
3.36972 2 400
3.2076 3 400
3.9271 4 400
3.69846 5 400
3.50586 6 400
3 6.62437 400
2 6.55007 400
1 6.76497 400
0.788595 7 400
0.0893344 8 400
0 8.11863 400

3.69124 15 400
3 14.3817 400
2 14.5835 400
1 14.7108 400
0.655526 15 400

6.39673 0 400
6 0.36643 400
5 0.319345 400
4 0.554188 400
3 0.605328 400
2.37614 0 400

14.4154 15 400
14 14.6308 400
13.4479 15 400

15 1.88577 400
14.8869 2 400
14.5072 3 400
15 3.6632 400


# Contour 4, label:      200
2.11506 13 200
2 12.8781 200
1.89811 13 200
2 13.2765 200
2.11506 13 200

2.18372 3 200
2 2.9054 200
1.84798 3 200
2 3.11115 200
2.18372 3 200

6.71605 9 200
6 8.27696 200
5.30361 9 200
6 9.69145 200
6.71605 9 200

6.56137 2 200
6 1.66607 200
5.80911 2 200
6 2.24324 200
6.56137 2 200

10.1543 6 200
10 5.93207 200
9 5.2343 200
8 5.27434 200
7 5 200
6 5.22608 200
5.28217 6 200
5.05237 7 200
6 7.82601 200
6.87791 7 200
7 6.36493 200
8 6.68958 200
9 6.73384 200
10 6.05011 200
10.1543 6 200

12.5513 4 200
12 3.482 200
11 3.24589 200
10.4918 3 200
10 2.67174 200
9 2.989 200
8.98389 3 200
8.58033 4 200
9 4.30223 200
10 4.56869 200
11 4.65957 200
12 4.67869 200
12.5513 4 200

0 12.461 200
0.46 13 200
0 13.8787 200

0 0.278234 200
1 0.275168 200
2 0.0568302 200
2.91534 1 200
3 1.11561 200
3.70354 2 200
3.90198 3 200
4 3.14095 200
4.53611 4 200
4 4.77268 200
3.93909 5 200
3.80591 6 200
4 6.51742 200
4.74312 7 200
4.37096 8 200
4 8.53282 200
3.09911 8 200
3.02313 7 200
3 6.99471 200
2 6.77503 200
1.30345 7 200
1 7.37223 200
0.614299 8 200
0 8.81573 200

3.92166 15 200
3 14.1755 200
2 14.1336 200
1 14.26 200
0.118553 15 200

6.91133 0 200
7 0.36519 200
7.29182 1 200
7 1.69662 200
6.52646 1 200
6 0.841737 200
5 0.699474 200
4 0.968871 200
3 0.914751 200
2.05724 0 200

15 14.5713 200
14.5694 14 200
14 13.6015 200
13.0593 14 200
14 14.257 200
14.8359 15 200

15 11.5977 200
14 11.6344 200
13 11.7789 200
12.3164 11 200
12 10.6344 200
11 10.5268 200
10.2122 11 200
10 11.3153 200
9.05124 12 200
10 12.3961 200
11 12.9507 200
11.0558 13 200
11.403 14 200
12 14.494 200
12.7867 15 200

15 4.02682 200
14.9872 4 200
14.2536 3 200
14.4021 2 200
14 1.37862 200
13.6867 2 200
13 2.84847 200
12.3396 2 200
12.3006 1 200
12 0.286385 200
11.6267 0 200

15 1.39624 200
14.3844 1 200
14 0.551663 200
13 0.218601 200
12.3814 0 200

